id,Status_C,Status_CL,Status_D
7905,0.455517571150378,0.031246029031381396,0.5132363998182408
7906,0.45013233073395315,0.2579126300806073,0.29195503918543964
7907,0.02967933700763036,0.012258575319896851,0.9580620876724727
7908,0.9707443193231674,0.004790997000465285,0.024464683676367366
7909,0.8576984075607264,0.05097900516031093,0.09132258727896281
7910,0.9916952578732675,0.0015836073540821808,0.006721134772650204
7911,0.9696113857925778,0.004303595943754618,0.0260850182636675
7912,0.18059564676688697,0.0273380810056609,0.7920662722274522
7913,0.0044013575385021255,0.0012498752203135754,0.9943487672411842
7914,0.6879884125056169,0.018909488347404697,0.29310209914697827
7915,0.7172034629109517,0.014452023515302698,0.26834451357374556
7916,0.6882469283124473,0.0076004236596441425,0.30415264802790853
7917,0.45061768613571274,0.13984438913468808,0.4095379247295993
7918,0.8900688933732165,0.012681316222808346,0.09724979040397501
7919,0.6687634095751613,0.05842024035905381,0.27281635006578486
7920,0.9465746910747177,0.004849470723646506,0.048575838201635725
7921,0.926419878125322,0.008829856316019643,0.06475026555865844
7922,0.04964136593357167,0.011721257751726477,0.9386373763147019
7923,0.9152936499398704,0.002719615170723334,0.08198673488940617
7924,0.7325455701078288,0.12840429877099396,0.13905013112117715
7925,0.006945633689897553,0.0014167210950083615,0.9916376452150941
7926,0.8360113398954274,0.004117940301691489,0.15987071980288103
7927,0.8219161978465465,0.027979882104956066,0.15010392004849757
7928,0.07412472871505615,0.008894369816484813,0.9169809014684591
7929,0.9217330602994577,0.01819201015326893,0.06007492954727346
7930,0.16012147610187405,0.15063820650409548,0.6892403173940305
7931,0.9012716228373712,0.008472662841684568,0.09025571432094423
7932,0.26747429318697974,0.03123059117577523,0.7012951156372451
7933,0.6115836403420811,0.04564274904911934,0.3427736106087997
7934,0.9749578762435056,0.00253479356697976,0.0225073301895146
7935,0.9630865500941402,0.0035319128685627264,0.03338153703729712
7936,0.9141765721420796,0.028150300650062254,0.05767312720785809
7937,0.324713412614521,0.01893545690677448,0.6563511304787046
7938,0.9451390317984641,0.004619907326162855,0.05024106087537294
7939,0.49936754811964223,0.05968073533155857,0.4409517165487992
7940,0.6018571374681531,0.08171440914185896,0.316428453389988
7941,0.14461330602110972,0.061524022259916884,0.7938626717189733
7942,0.9063241902220207,0.007476665833816864,0.08619914394416245
7943,0.059883096675185765,0.01849344321409313,0.921623460110721
7944,0.9841333930449201,0.0013950775681895156,0.014471529386890593
7945,0.9531810565149234,0.0028803393417708703,0.04393860414330578
7946,0.9241390337068784,0.01096502031805138,0.06489594597507012
7947,0.69973089492766,0.010302969691293738,0.28996613538104626
7948,0.17509156126833708,0.01921420715935421,0.8056942315723087
7949,0.0751099620522538,0.08848440490831229,0.8364056330394338
7950,0.9656046292228987,0.002516443896996038,0.03187892688010529
7951,0.3448365462957453,0.12459780346628746,0.5305656502379673
7952,0.41091377127576356,0.12359850941864366,0.46548771930559274
7953,0.0062017872397766745,0.0011896412236063819,0.992608571536617
7954,0.933869502975571,0.005506804147248301,0.060623692877180564
7955,0.23881592638887023,0.019199352449980486,0.7419847211611492
7956,0.03792690905061127,0.034562130735857434,0.9275109602135314
7957,0.8657458004144559,0.02116914451149619,0.11308505507404777
7958,0.01794993563973052,0.0038898534772106343,0.9781602108830587
7959,0.29028641153931345,0.0443720685205378,0.6653415199401489
7960,0.1201672590392046,0.033408016258041275,0.8464247247027541
7961,0.9046814599256268,0.011508121353478444,0.08381041872089465
7962,0.11470334880827915,0.002987944923273259,0.8823087062684475
7963,0.09966313476866723,0.05300010442850071,0.8473367608028322
7964,0.01662550745173794,0.011695858483677362,0.9716786340645848
7965,0.9791417132915974,0.0048019108825127586,0.01605637582588978
7966,0.5800688018061825,0.013902616450590877,0.40602858174322676
7967,0.9368079497828992,0.014965407758242419,0.04822664245885845
7968,0.9466293563543774,0.002092127543160653,0.051278516102461875
7969,0.2431050356277763,0.035438963819568695,0.7214560005526551
7970,0.9123836981157842,0.0029449085646865354,0.0846713933195293
7971,0.9777477183000552,0.0017448832412868046,0.020507398458658017
7972,0.45568632503783374,0.3257365837294657,0.21857709123270058
7973,0.939115271788073,0.006972277533290126,0.05391245067863703
7974,0.34136511650690726,0.049252122798113036,0.6093827606949797
7975,0.939251468182682,0.009650514553321745,0.05109801726399619
7976,0.8629138655172339,0.00827407750324564,0.12881205697952042
7977,0.9403604932730859,0.012772449251353724,0.04686705747556042
7978,0.038218475888508796,0.005210777649563873,0.9565707464619273
7979,0.5135242075995635,0.03569068308462952,0.45078510931580684
7980,0.9607796450150776,0.0024657515420813633,0.03675460344284111
7981,0.823407188491006,0.025355303616078895,0.1512375078929153
7982,0.7605952209780368,0.014637643329631867,0.22476713569233137
7983,0.881388610221439,0.033694178598284115,0.08491721118027677
7984,0.10199219843890993,0.03576054605203777,0.8622472555090522
7985,0.5618683722028002,0.015161914295937424,0.4229697135012624
7986,0.13576565070837934,0.30677793278610455,0.5574564165055161
7987,0.6913878441509728,0.028685286289054115,0.2799268695599731
7988,0.8093632013449743,0.016464860692479988,0.1741719379625458
7989,0.9263809519141581,0.008047641560390234,0.06557140652545151
7990,0.3139047441626014,0.01683415253615914,0.6692611033012396
7991,0.04503715391424163,0.018902672390461762,0.9360601736952965
7992,0.9550360156819651,0.005997354874421718,0.038966629443613336
7993,0.8213661827458943,0.011853427180713808,0.16678039007339193
7994,0.9574487544168441,0.006364071605658204,0.03618717397749791
7995,0.7794270344625304,0.01691448453384379,0.20365848100362577
7996,0.03019656952643486,0.020362118710274817,0.9494413117632904
7997,0.912858529345737,0.014117230064375527,0.07302424058988749
7998,0.004107526762411977,0.0015973317924175777,0.9942951414451704
7999,0.004023716848963967,0.0024604261803193514,0.9935158569707166
8000,0.8759639462733795,0.026399397482570867,0.09763665624404969
8001,0.8748610869847296,0.012145314180540035,0.11299359883473024
8002,0.33697924867734835,0.20719459638372065,0.45582615493893114
8003,0.7600893708424101,0.06539133350179933,0.17451929565579052
8004,0.3022430046703114,0.019931523405390932,0.6778254719242975
8005,0.8889214146744439,0.011325471050509493,0.09975311427504657
8006,0.8220588249139195,0.05522436081499981,0.12271681427108083
8007,0.7860762965390931,0.030280665345069933,0.18364303811583704
8008,0.9683744172494119,0.004421804780988604,0.027203777969599517
8009,0.8135277131925274,0.01353297461555529,0.17293931219191744
8010,0.9492077970674456,0.012060812526417818,0.038731390406136476
8011,0.9048934590510558,0.0037109267632597564,0.09139561418568443
8012,0.8269399035349434,0.005390263014017273,0.1676698334510394
8013,0.05347120201313752,0.03793414928369421,0.9085946487031683
8014,0.9518097278274449,0.016188164153132175,0.03200210801942285
8015,0.899324499382582,0.006061238109572584,0.09461426250784534
8016,0.9888407123338153,0.0016229098563409787,0.009536377809843831
8017,0.5260908683128814,0.004327619790004484,0.469581511897114
8018,0.774925244656623,0.02435087116672006,0.20072388417665704
8019,0.965580679177244,0.009969655849682891,0.024449664973072997
8020,0.6831871408788299,0.02719492668854083,0.2896179324326292
8021,0.06217845859536797,0.004421156320920165,0.9334003850837119
8022,0.07920375285644568,0.03374079548915234,0.8870554516544019
8023,0.7283584694568617,0.07164870086092733,0.19999282968221094
8024,0.9651389852687113,0.0015563314024041543,0.03330468332888458
8025,0.12625553533466713,0.016836132998153456,0.8569083316671795
8026,0.9700648710480654,0.002724717527272136,0.027210411424662552
8027,0.974440843832885,0.0048100839893705765,0.020749072177744503
8028,0.051527938772068155,0.02174521262422074,0.926726848603711
8029,0.13697429267432432,0.0205503309701978,0.842475376355478
8030,0.9772952023018323,0.003584117526009821,0.019120680172157914
8031,0.868652363416793,0.045489970230975695,0.08585766635223147
8032,0.9232956697127521,0.0037406668305063314,0.07296366345674173
8033,0.1371423473768452,0.06268167683780755,0.8001759757853473
8034,0.656487470928483,0.018872068879761242,0.32464046019175585
8035,0.973149220236763,0.0030240389911221598,0.02382674077211487
8036,0.4495669957970159,0.5282228639263625,0.02221014027662138
8037,0.21694481839714266,0.08324081440406089,0.6998143671987965
8038,0.7566055754450792,0.05518916775575394,0.1882052567991668
8039,0.028697326951474988,0.03673487273369858,0.9345678003148263
8040,0.4999140007050699,0.07701488354480845,0.42307111575012174
8041,0.2897621914351727,0.015670090550132083,0.6945677180146952
8042,0.09578905617069824,0.011280334984840148,0.8929306088444615
8043,0.9461789739886735,0.002720644281793493,0.051100381729533156
8044,0.023857012132215562,0.002128587285621189,0.9740144005821632
8045,0.2191935277691869,0.2801124214790762,0.5006940507517368
8046,0.867802590587533,0.0030772262403237754,0.12912018317214324
8047,0.9379897068572459,0.007267310153031293,0.054742982989722876
8048,0.933973430230589,0.00575212077924474,0.06027444899016644
8049,0.7850589397774866,0.07042534525962457,0.14451571496288868
8050,0.404476673542122,0.02191943323539633,0.5736038932224816
8051,0.058526039158245544,0.009221992364630902,0.9322519684771235
8052,0.983524344585566,0.003729818018215603,0.012745837396218271
8053,0.05422763624986301,0.01725719887896457,0.9285151648711725
8054,0.8241693659860191,0.010401239135943171,0.16542939487803776
8055,0.35603096082923785,0.09023918623202855,0.5537298529387338
8056,0.84769327717514,0.03125986110200335,0.12104686172285682
8057,0.8576298925207426,0.0028184428523813487,0.139551664626876
8058,0.9158531916996591,0.026271928505687513,0.057874879794653535
8059,0.7280505940307574,0.010680722096363435,0.26126868387287905
8060,0.12134875470156259,0.16272013332097587,0.7159311119774615
8061,0.20915937449964633,0.06773475219551323,0.7231058733048404
8062,0.0767439058123571,0.009229904497253465,0.9140261896903894
8063,0.9573413772767542,0.006400546867971974,0.03625807585527386
8064,0.018168885883624437,0.025145142506952413,0.9566859716094231
8065,0.8389653164062232,0.018108617873186503,0.14292606572059044
8066,0.9584311468762212,0.01003401240524366,0.031534840718535136
8067,0.03880200035701813,0.03665456632588639,0.9245434333170954
8068,0.9042709606271755,0.010206509342521222,0.08552253003030313
8069,0.8882477829879376,0.015506688418134646,0.09624552859392763
8070,0.9662334687885783,0.005234680564642294,0.028531850646779523
8071,0.775506910753612,0.01933199326940247,0.20516109597698548
8072,0.942392586471935,0.019250248832856996,0.03835716469520812
8073,0.9586431295410073,0.004023780875048478,0.037333089583944414
8074,0.924010673019241,0.011488362394535151,0.06450096458622379
8075,0.9623980722174944,0.009466217686421356,0.028135710096084284
8076,0.9617242260610079,0.008340773027664679,0.029935000911327406
8077,0.1020527080571007,0.27762831009564404,0.6203189818472552
8078,0.12217101223501337,0.03186443707417865,0.8459645506908079
8079,0.9316878292105353,0.002998070061263023,0.06531410072820175
8080,0.891385992192109,0.009781682235163932,0.09883232557272706
8081,0.9675270062691482,0.0032656646300131997,0.02920732910083855
8082,0.8346231676441722,0.028280215245488533,0.13709661711033935
8083,0.33075883519688,0.060770632434387704,0.6084705323687325
8084,0.02704121180411054,0.003288081225142445,0.9696707069707471
8085,0.9782210698754983,0.00599915514487062,0.015779774979631084
8086,0.0027132359305866594,0.0011479004121191737,0.9961388636572941
8087,0.76533209098294,0.03754749216256218,0.19712041685449774
8088,0.3144381770164639,0.017145256426492377,0.6684165665570437
8089,0.13130148023152552,0.007795842853130189,0.8609026769153443
8090,0.030288066457998808,0.009286941545652336,0.9604249919963488
8091,0.9625308151322619,0.005827436063551899,0.031641748804186166
8092,0.0101880236645985,0.003984008651611713,0.9858279676837897
8093,0.9321330992794151,0.020649693913750884,0.04721720680683383
8094,0.1434199619600325,0.0485088749081719,0.8080711631317955
8095,0.6999623719750533,0.0717392405808251,0.2282983874441215
8096,0.3553410906277981,0.015371385775314782,0.6292875235968871
8097,0.176060707242179,0.03160598820018545,0.7923333045576356
8098,0.9473249639240259,0.008672922416761052,0.04400211365921312
8099,0.7125648083143356,0.009624963959732533,0.277810227725932
8100,0.0329746006834396,0.00760827752187661,0.9594171217946839
8101,0.2584070616640537,0.055908419963553134,0.6856845183723933
8102,0.7776564187651411,0.04699122055766707,0.17535236067719182
8103,0.37198275074124354,0.0967226467514558,0.5312946025073007
8104,0.4603671304947318,0.1159947689365651,0.42363810056870305
8105,0.011182590469166894,0.00218981474006794,0.9866275947907652
8106,0.9642915938606911,0.004173497127301555,0.03153490901200725
8107,0.0076720630466938205,0.006182818167898434,0.9861451187854078
8108,0.9035203677366974,0.027026748421637936,0.06945288384166472
8109,0.6083293852857649,0.0026530762247107564,0.38901753848952425
8110,0.9799244300451485,0.012605584344994565,0.0074699856098569915
8111,0.7255820520612833,0.09152267534299728,0.18289527259571933
8112,0.8049033105029966,0.026621359060710496,0.1684753304362928
8113,0.006069723398383133,0.009991348478813073,0.9839389281228037
8114,0.05299722293789017,0.040730117913969244,0.9062726591481405
8115,0.9364411639573855,0.004104646310261524,0.05945418973235294
8116,0.8513640867104,0.02154206876519493,0.12709384452440506
8117,0.17293773117485425,0.02450375487481567,0.8025585139503301
8118,0.6709583315033248,0.08383073792192036,0.24521093057475493
8119,0.6578230012161452,0.058606032506083934,0.28357096627777095
8120,0.968500771505653,0.010557686042291022,0.020941542452056025
8121,0.5523013298640135,0.052426987342832944,0.39527168279315356
8122,0.9873789597018618,0.0014887576903661376,0.011132282607771967
8123,0.9821287092850345,0.0017340590129636298,0.016137231702001965
8124,0.3941744991504682,0.2830842545192607,0.322741246330271
8125,0.7436551448817125,0.015589837192020348,0.24075501792626727
8126,0.9187961892932427,0.009453770661123668,0.07175004004563365
8127,0.15809081921038093,0.027821888475286435,0.8140872923143327
8128,0.5654923438407579,0.05704566307929916,0.3774619930799431
8129,0.9638135994208269,0.01842626882873285,0.017760131750440437
8130,0.7560559741286229,0.028306630400866666,0.21563739547051056
8131,0.02877936532166599,0.01882302601249386,0.9523976086658402
8132,0.8372255265781917,0.0923784085268179,0.07039606489499034
8133,0.9224118764782451,0.01566454976864533,0.06192357375310965
8134,0.6477575235883875,0.0559724165589257,0.2962700598526868
8135,0.02167387940095014,0.007221731118197255,0.9711043894808526
8136,0.0156561715158775,0.0066021257459280315,0.9777417027381945
8137,0.14573627918258042,0.007805139056940511,0.846458581760479
8138,0.15328953154251082,0.020194638640261522,0.8265158298172276
8139,0.05844696792988726,0.005827478503434072,0.9357255535666786
8140,0.9001722804854887,0.01699715102590956,0.08283056848860179
8141,0.9661119905578474,0.004743154405164475,0.029144855036988163
8142,0.8881665492829961,0.07642009016199948,0.03541336055500436
8143,0.8815138812104201,0.08413414427613079,0.03435197451344925
8144,0.19197861260076826,0.14057482612512315,0.6674465612741085
8145,0.9403583709578385,0.006214697883815166,0.053426931158346284
8146,0.9046511830402951,0.0073450671222798575,0.08800374983742514
8147,0.46870139426905677,0.02000627771622853,0.5112923280147148
8148,0.8617849700154608,0.005651122032832308,0.13256390795170697
8149,0.9766683855867604,0.005496854362772264,0.017834760050467423
8150,0.9474102264906525,0.008920125907064851,0.04366964760228257
8151,0.13502038959939205,0.012984464773328194,0.8519951456272798
8152,0.9615862970509547,0.007789269843694998,0.030624433105350315
8153,0.9108043998047639,0.009199839747831277,0.07999576044740474
8154,0.9168740169588864,0.02120010281196737,0.0619258802291461
8155,0.0776888859915686,0.019048416975250407,0.9032626970331811
8156,0.9728080965226414,0.006403335768087519,0.020788567709270976
8157,0.8352876342475625,0.01869671569149089,0.14601565006094655
8158,0.9751418464277526,0.007478001753100474,0.01738015181914681
8159,0.2825454034958088,0.10453452832986967,0.6129200681743217
8160,0.7093106282373534,0.03272215969911811,0.2579672120635286
8161,0.8753556795982401,0.023642556692575013,0.10100176370918484
8162,0.17935004330075155,0.47273916193493615,0.34791079476431247
8163,0.24962187160869578,0.020993806859148468,0.7293843215321558
8164,0.6819426953805635,0.11312734306014406,0.20492996155929255
8165,0.031262104374114114,0.002716033713916046,0.9660218619119697
8166,0.6532592542252811,0.008311765586986125,0.3384289801877329
8167,0.5343211398825978,0.07041305056534121,0.39526580955206114
8168,0.6734919414258767,0.0162790243507594,0.3102290342233639
8169,0.8311258800234832,0.011534133730758287,0.1573399862457584
8170,0.5400196199775811,0.04265090115649537,0.4173294788659235
8171,0.00966258286462928,0.002811785448523739,0.987525631686847
8172,0.02066900045374454,0.027825432709435247,0.9515055668368202
8173,0.7593317344864936,0.006966835136677632,0.2337014303768289
8174,0.9794436301145076,0.002057172013450837,0.018499197872041448
8175,0.976854349107779,0.005061061733617644,0.018084589158603212
8176,0.6719859256518872,0.01355065243841686,0.31446342190969584
8177,0.14206867998978528,0.045376773587001956,0.8125545464232129
8178,0.8414555514365571,0.04840579741986993,0.11013865114357294
8179,0.7680416441478644,0.014435289481556824,0.21752306637057894
8180,0.43491366882819654,0.12272575588307769,0.4423605752887259
8181,0.26212958861025293,0.03386512587450716,0.70400528551524
8182,0.9684085484925071,0.0024913575297018974,0.029100093977790835
8183,0.37413375336534893,0.040678346526982594,0.5851879001076684
8184,0.9210648016902331,0.012309588231398947,0.06662561007836794
8185,0.9867757652384717,0.00683542592781442,0.006388808833713839
8186,0.8722255198876058,0.014932055711661722,0.11284242440073257
8187,0.15916007426697948,0.02636758382353205,0.8144723419094885
8188,0.9256770614511888,0.006418456188729307,0.06790448236008202
8189,0.23848320713927895,0.11215938261868784,0.6493574102420333
8190,0.0675407038870521,0.7095129088019637,0.2229463873109843
8191,0.9626829177406178,0.003645923145329902,0.033671159114052246
8192,0.9408302838171199,0.008869040818927412,0.05030067536395271
8193,0.9632782259061772,0.0013835573707108877,0.03533821672311188
8194,0.6119753897357036,0.29728464959237205,0.09073996067192437
8195,0.8086741423248281,0.00478407578479482,0.18654178189037704
8196,0.9483896220500113,0.004009732825853699,0.04760064512413486
8197,0.8755329376364455,0.0045711182223401245,0.11989594414121424
8198,0.5319583719248516,0.032734604808973694,0.4353070232661749
8199,0.9540605086101751,0.008978090024700154,0.03696140136512469
8200,0.9831276468481486,0.008026175114529029,0.008846178037322405
8201,0.05517276154725659,0.0056500060118550854,0.9391772324408885
8202,0.35620556326473246,0.02837054236468906,0.6154238943705787
8203,0.9062698751824206,0.00855104075792499,0.08517908405965435
8204,0.1417606278607518,0.053157718465628515,0.8050816536736196
8205,0.9673665587587909,0.0013637334405204081,0.03126970780068867
8206,0.318911865700908,0.012502851275896893,0.6685852830231951
8207,0.9691011939208067,0.003066794853212256,0.027832011225980884
8208,0.10209148874424846,0.06546419649973752,0.832444314756014
8209,0.3101975678547306,0.02654940798893539,0.6632530241563339
8210,0.9550303750599682,0.004096346435665467,0.04087327850436645
8211,0.4676546982680947,0.06252264566892299,0.46982265606298224
8212,0.9529698925612562,0.0041041256341188955,0.042925981804624834
8213,0.9311551545637566,0.020923203717960682,0.04792164171828268
8214,0.02711967951336627,0.012780061711914212,0.9601002587747196
8215,0.9178633013956367,0.05772155166233178,0.024415146942031646
8216,0.933847060911185,0.007923184672845805,0.05822975441596933
8217,0.6661053406693862,0.04752745125560207,0.2863672080750117
8218,0.08160003492461426,0.024285406732605885,0.8941145583427799
8219,0.9783262775063728,0.009003848316206904,0.01266987417742026
8220,0.9394250349396192,0.004934669635878286,0.05564029542450246
8221,0.3432373998965272,0.006828497904038568,0.6499341021994343
8222,0.4965870929341768,0.023275307757062994,0.4801375993087604
8223,0.7580272246255056,0.06652474599660498,0.17544802937788925
8224,0.5238499469945737,0.08593253172676212,0.39021752127866416
8225,0.07599213209809419,0.02714068873782121,0.8968671791640846
8226,0.009390836591247894,0.00232124077526834,0.9882879226334838
8227,0.9861013482238301,0.0043633096537268636,0.009535342122443021
8228,0.9363108755171654,0.0063382501255710025,0.05735087435726365
8229,0.15118821534320548,0.014522840422049892,0.8342889442347446
8230,0.7574527970373923,0.03353623493354633,0.2090109680290613
8231,0.8172732317917042,0.14985153929830586,0.03287522890998988
8232,0.7242985510539761,0.02342510604959674,0.25227634289642714
8233,0.06678221776177122,0.015118819969480918,0.918098962268748
8234,0.9787889932504726,0.004541699101588843,0.016669307647938447
8235,0.46606243989621593,0.05829726515864925,0.47564029494513493
8236,0.2733493882358621,0.05354710731187807,0.6731035044522599
8237,0.8755387361549092,0.03753134765013046,0.08692991619496043
8238,0.5377826616082977,0.025066508205687232,0.43715083018601514
8239,0.05442959524048854,0.07215154998119941,0.873418854778312
8240,0.8783152305236648,0.024438881413403515,0.09724588806293157
8241,0.021976100669768336,0.004455575230787178,0.9735683240994446
8242,0.8445390559418662,0.007664962024807077,0.1477959820333267
8243,0.6569016166552475,0.16525516099878176,0.17784322234597072
8244,0.9843489388885517,0.0012312065451515882,0.014419854566296712
8245,0.9521047613989552,0.014133508605305363,0.03376172999573929
8246,0.5659621511488313,0.0156122786464347,0.418425570204734
8247,0.9817273672398646,0.004136974279847991,0.014135658480287434
8248,0.9799733160975546,0.003276883856950397,0.016749800045494992
8249,0.8767162849455069,0.009329006839921647,0.11395470821457157
8250,0.9413310496085556,0.018032369914650227,0.040636580476794096
8251,0.7512600171841791,0.0027933562193738853,0.24594662659644706
8252,0.7437030792699277,0.02402792028046006,0.23226900044961216
8253,0.9316151208103162,0.004389802284246638,0.0639950769054372
8254,0.6734463894154482,0.017863149559130456,0.30869046102542136
8255,0.4614732141702988,0.057021740440350514,0.48150504538935085
8256,0.4735889251331161,0.04235350947037461,0.4840575653965094
8257,0.7972732842352286,0.08862570577668119,0.11410100998809043
8258,0.003825676386833235,0.0011239341477708702,0.9950503894653959
8259,0.10082040314955606,0.0470339838891428,0.8521456129613011
8260,0.930578017697443,0.005134305592851895,0.06428767670970514
8261,0.91017224695897,0.011618230211416659,0.07820952282961337
8262,0.8619347200023282,0.014618118695689034,0.12344716130198276
8263,0.8811035067523132,0.0532604892554954,0.06563600399219133
8264,0.8500573121936803,0.0057299359186532344,0.14421275188766652
8265,0.8431987945011489,0.03191684500895643,0.1248843604898947
8266,0.002873712910134054,0.0009663853585020316,0.9961599017313639
8267,0.933997535326718,0.004503363480555411,0.061499101192726516
8268,0.8474490831077205,0.011092736056573274,0.1414581808357062
8269,0.9335656880100732,0.012091752025565863,0.05434255996436101
8270,0.573130098310524,0.04023408178239738,0.3866358199070788
8271,0.9505726745633313,0.025436423405020853,0.023990902031647974
8272,0.9341997512125785,0.0025489217528662992,0.06325132703455524
8273,0.9020727971131672,0.05100683831644729,0.04692036457038538
8274,0.8939732403355775,0.014435958961313377,0.09159080070310911
8275,0.13660436530879835,0.09489948492120133,0.7684961497700004
8276,0.2518369289688295,0.025250192067863664,0.7229128789633069
8277,0.9524202224937978,0.009073680505582205,0.03850609700062009
8278,0.8177831560074591,0.010661331996026788,0.17155551199651403
8279,0.8007241850453809,0.005028179317671438,0.19424763563694772
8280,0.01787622065236997,0.009659994458507331,0.9724637848891226
8281,0.5898730290933983,0.05444235185176066,0.355684619054841
8282,0.9641815625369511,0.015002649615978546,0.020815787847070298
8283,0.8900454062986755,0.005799519677458132,0.10415507402386641
8284,0.9425692517945846,0.01595328168249112,0.041477466522924174
8285,0.10935403215690531,0.013784354550853426,0.8768616132922412
8286,0.9904290156896338,0.003240916155508332,0.006330068154857957
8287,0.666850661379015,0.010070918620411116,0.323078420000574
8288,0.9821431192784547,0.0029800246230785327,0.014876856098466758
8289,0.38643101596937196,0.04602554292470477,0.5675434411059231
8290,0.40358564737429514,0.04281973011052739,0.5535946225151775
8291,0.2859150351021677,0.012820864486417753,0.7012641004114145
8292,0.7585200246018131,0.017650743971863215,0.2238292314263238
8293,0.9191482090421288,0.0026668303074445956,0.07818496065042653
8294,0.9567613058494895,0.003614811308155957,0.039623882842354526
8295,0.953370617890814,0.005429808827386788,0.041199573281799184
8296,0.7760671879873403,0.023992361078845715,0.1999404509338139
8297,0.8887197391732268,0.011734972419557186,0.099545288407216
8298,0.979522686757326,0.005522697294723116,0.014954615947951095
8299,0.8642768638769406,0.024338132880921307,0.11138500324213822
8300,0.8489186771260485,0.007790393141395942,0.14329092973255544
8301,0.7973529640572137,0.031397084602089544,0.17124995134069673
8302,0.19234155587947052,0.044207928937260235,0.7634505151832692
8303,0.9274025135310525,0.003634814057296663,0.06896267241165101
8304,0.02692204924860509,0.019530530692137258,0.9535474200592577
8305,0.9559029282633774,0.011542641482819988,0.03255443025380257
8306,0.9421163165096013,0.006349941336582201,0.05153374215381647
8307,0.01657488594973763,0.0027519376867306974,0.9806731763635317
8308,0.6611786268629487,0.0022726877041632297,0.3365486854328881
8309,0.056173336309573906,0.013061182060693512,0.9307654816297326
8310,0.8346493288751353,0.010275043019638629,0.15507562810522596
8311,0.8094795242053777,0.006473316644154247,0.18404715915046815
8312,0.9389374802404312,0.012045760058152461,0.049016759701416356
8313,0.9760324736168123,0.008856882385565968,0.015110643997621664
8314,0.9773545824709532,0.003910822202504869,0.01873459532654191
8315,0.8711713629837049,0.06406691155051968,0.06476172546577538
8316,0.9000920325463729,0.017903156704909964,0.08200481074871722
8317,0.7932900983327016,0.057176145502977074,0.1495337561643214
8318,0.5776502492643736,0.06852583850395344,0.35382391223167303
8319,0.0094494147042376,0.01503532931531041,0.9755152559804521
8320,0.7877869297572015,0.012785141452961014,0.1994279287898376
8321,0.7115921251462801,0.01511142048826716,0.2732964543654528
8322,0.3441887936121893,0.06973625282034174,0.5860749535674689
8323,0.01459919429806448,0.004845956741037207,0.9805548489608983
8324,0.02706260495287,0.009667879833193218,0.9632695152139369
8325,0.9854069068806554,0.005086392267792051,0.009506700851552497
8326,0.9622029727454001,0.009969289610679007,0.027827737643920863
8327,0.9705422875553823,0.006100386588523708,0.023357325856094138
8328,0.013870541519167858,0.0018581024972122257,0.9842713559836198
8329,0.9909547765852443,0.0017572940491700519,0.0072879293655855335
8330,0.25258469477214435,0.0448396784982408,0.7025756267296148
8331,0.9760135407821382,0.0038881717214928444,0.020098287496368963
8332,0.4909525360261694,0.1340847610998841,0.3749627028739466
8333,0.9091287633259276,0.00322112354244346,0.0876501131316288
8334,0.913900666128349,0.0059167984285935634,0.0801825354430576
8335,0.9775566378643376,0.0023664877684264566,0.02007687436723591
8336,0.22913378231865017,0.01484883963980548,0.7560173780415442
8337,0.4455993500183634,0.01872734014561734,0.5356733098360194
8338,0.9198017326438863,0.006671374885818015,0.07352689247029574
8339,0.4315902598970062,0.09422574697358378,0.4741839931294101
8340,0.9588825879856494,0.006179186292790193,0.03493822572156029
8341,0.8637946491275464,0.027163750292681355,0.10904160057977229
8342,0.9816072105902965,0.0040219180775215215,0.01437087133218192
8343,0.6805476556399801,0.01875708120276669,0.3006952631572533
8344,0.145034145600745,0.05537058997928387,0.7995952644199712
8345,0.9825553656464996,0.0026908646450109213,0.014753769708489578
8346,0.6992694247411592,0.01485469387775173,0.2858758813810891
8347,0.5292011297805406,0.07924381619025049,0.391555054029209
8348,0.2545297277590336,0.029525214143210896,0.7159450580977555
8349,0.9735735007759324,0.002201271591191992,0.024225227632875553
8350,0.5983760187402198,0.009108842723848935,0.3925151385359312
8351,0.7891844057499048,0.00661440856826046,0.20420118568183468
8352,0.9650711230931351,0.0031281452325356953,0.03180073167432933
8353,0.018421763074412057,0.00207696987936102,0.9795012670462269
8354,0.03347002167989867,0.05952870939645501,0.9070012689236464
8355,0.9840062495511218,0.0027493218829033974,0.013244428565974851
8356,0.8736484467327267,0.006626987555022698,0.11972456571225051
8357,0.07519785152750821,0.011124927872067616,0.9136772206004241
8358,0.020059214005616686,0.021776764177294617,0.9581640218170886
8359,0.9839330700777587,0.0017745582428145541,0.0142923716794266
8360,0.8009602598499804,0.005429603028327675,0.19361013712169184
8361,0.22842893489353155,0.00916484081607856,0.7624062242903898
8362,0.8610290964177958,0.029478417268246588,0.10949248631395748
8363,0.26764791573494223,0.004898951180113893,0.727453133084944
8364,0.9242503967402773,0.010176729855668058,0.06557287340405467
8365,0.8816455469431258,0.007120440034434508,0.11123401302243965
8366,0.7228925043589426,0.008825897736409198,0.2682815979046484
8367,0.9152351028453094,0.013888599300451348,0.07087629785423913
8368,0.951363946332105,0.009668045992275845,0.03896800767561906
8369,0.5091640267606514,0.0205118715522608,0.4703241016870877
8370,0.8373895573245522,0.007854129390277033,0.15475631328517084
8371,0.8561387269123357,0.015865175297641084,0.1279960977900231
8372,0.0038297108993134007,0.0023355779379127203,0.993834711162774
8373,0.02177486330066016,0.020233451880495284,0.9579916848188444
8374,0.1924704921750046,0.006705422229485779,0.8008240855955097
8375,0.9771777047512423,0.005849261750924906,0.016973033497832826
8376,0.07928167341411291,0.01490646299526247,0.9058118635906245
8377,0.8348434862922144,0.03495740274933402,0.1301991109584515
8378,0.8599241047942182,0.05504964691392309,0.08502624829185869
8379,0.9515196171369914,0.008464505753192903,0.04001587710981566
8380,0.7250914960986183,0.006868389473320409,0.26804011442806125
8381,0.9633762950223899,0.00867958752954999,0.027944117448060225
8382,0.8538734455197469,0.004938111651140227,0.14118844282911291
8383,0.9465242305085515,0.008250076472056776,0.04522569301939167
8384,0.9452889104315215,0.003407385293892344,0.05130370427458623
8385,0.1131425186983313,0.11565290990900894,0.7712045713926599
8386,0.5509023501554338,0.028567521718100786,0.42053012812646545
8387,0.9895810866026802,0.0024436091174380656,0.007975304279881626
8388,0.5810740595097009,0.012136187750271202,0.40678975274002793
8389,0.7611322211167297,0.04923265248491253,0.1896351263983576
8390,0.04137113330650457,0.0055925333769049285,0.9530363333165904
8391,0.7979026998566733,0.01687772564156278,0.18521957450176388
8392,0.8706367004848238,0.02656773828324787,0.10279556123192826
8393,0.9905319335399242,0.0021919464958434433,0.007276119964232233
8394,0.6080758098184703,0.038335223654945384,0.3535889665265844
8395,0.287959499911382,0.028274499580217816,0.6837660005084002
8396,0.8653720543608925,0.019175341161954643,0.11545260447715293
8397,0.9226789921889906,0.007905083563432872,0.06941592424757646
8398,0.9626884030114704,0.00324880275180718,0.03406279423672237
8399,0.8655619859590853,0.05906079456385639,0.07537721947705842
8400,0.00420099019633294,0.0052467963138287405,0.9905522134898384
8401,0.5656922282811534,0.17561925930638694,0.2586885124124597
8402,0.1801110941824483,0.05427425160089089,0.7656146542166609
8403,0.03192831861272034,0.04860078831891185,0.9194708930683677
8404,0.7284575709975004,0.005188418364500861,0.26635401063799885
8405,0.07241576981140167,0.006725294950419589,0.9208589352381787
8406,0.8791237315831071,0.004391153980626679,0.11648511443626627
8407,0.9412404117532096,0.006337589487399582,0.05242199875939083
8408,0.8106401586792765,0.019158054681601852,0.17020178663912175
8409,0.06353003804422992,0.010174811621446398,0.9262951503343236
8410,0.3588132748303895,0.30994345119630495,0.3312432739733057
8411,0.8802218286839026,0.023556214126971932,0.09622195718912549
8412,0.017944061390903543,0.00319900008755995,0.9788569385215364
8413,0.009626076093698695,0.015702451520941726,0.9746714723853596
8414,0.9636470777227291,0.003870214894133138,0.032482707383137764
8415,0.9254509700761758,0.01638811625349135,0.058160913670332756
8416,0.9490585764733935,0.008693955410997115,0.04224746811560945
8417,0.5963782260485685,0.012568028005316784,0.39105374594611453
8418,0.893609429524325,0.021380645953438998,0.08500992452223613
8419,0.039841320255102,0.02225709760741676,0.9379015821374813
8420,0.8324551436468529,0.008651354862834528,0.15889350149031256
8421,0.08010033242162352,0.05312583808075089,0.8667738294976255
8422,0.9567535726942482,0.006174518415539247,0.037071908890212585
8423,0.95460250286634,0.0077049300393675964,0.03769256709429238
8424,0.6998244988194464,0.09281135299044885,0.2073641481901047
8425,0.9428984091777162,0.0168015687396315,0.040300022082652265
8426,0.03918671331220028,0.04064351375695033,0.9201697729308494
8427,0.7489373253509904,0.050604145882880966,0.20045852876612866
8428,0.9898950034060063,0.001671148516711792,0.008433848077281777
8429,0.9616054053738043,0.0022245457682076183,0.036170048857988
8430,0.9391785513187841,0.016902654245999255,0.043918794435216554
8431,0.0715770699854916,0.011975403136559176,0.9164475268779493
8432,0.5564920475372879,0.0799509532770434,0.3635569991856688
8433,0.8839068410647823,0.0460721013595987,0.07002105757561886
8434,0.017979250149598287,0.015047027940502502,0.9669737219098992
8435,0.9686427267370955,0.0023845227942022027,0.02897275046870222
8436,0.7787325942969996,0.026082798487413798,0.1951846072155867
8437,0.02618638239692777,0.015269129920841382,0.958544487682231
8438,0.9549934107768332,0.023902876546367503,0.02110371267679923
8439,0.4908198790365527,0.09695618387637828,0.4122239370870691
8440,0.8303194283110152,0.041060664976152864,0.12861990671283183
8441,0.4747595193906188,0.008164555935494436,0.5170759246738867
8442,0.9627964068473769,0.006182130403915171,0.03102146274870792
8443,0.947058699337076,0.005044551741701025,0.047896748921223045
8444,0.9649293724094253,0.01085457744748833,0.024216050143086348
8445,0.9861027183873344,0.006851658869196098,0.007045622743469239
8446,0.7859703775439719,0.011687904920893258,0.20234171753513486
8447,0.09707184905947927,0.04074494420852069,0.862183206732
8448,0.9429840778630917,0.001918460503765482,0.05509746163314294
8449,0.29110369920313905,0.17779837910546586,0.531097921691395
8450,0.4586243203630119,0.03669256576235972,0.5046831138746285
8451,0.9701890491169719,0.006040724971954784,0.023770225911073393
8452,0.9755700239207804,0.005232696204915325,0.01919727987430423
8453,0.8599913187454166,0.026683248143015724,0.11332543311156765
8454,0.3836483104726239,0.020767357244309285,0.595584332283067
8455,0.11431309953015306,0.00478110331761965,0.8809057971522274
8456,0.4292750732151662,0.019522288435424695,0.551202638349409
8457,0.9776320207623398,0.003042905063256338,0.019325074174403847
8458,0.6112997358259462,0.1045000889925972,0.28420017518145657
8459,0.9700140471540055,0.007238612666728664,0.022747340179265906
8460,0.9545921878506057,0.021082464965158483,0.02432534718423574
8461,0.05724117468907876,0.043820754128504454,0.8989380711824168
8462,0.9316572070622972,0.012875449992522296,0.055467342945180624
8463,0.4021433382784743,0.011970348848683508,0.5858863128728422
8464,0.9149108721316829,0.03447674225613446,0.05061238561218261
8465,0.3605716406967183,0.012242779708872786,0.627185579594409
8466,0.9128530193365563,0.017790500647163168,0.06935648001628048
8467,0.979709374001656,0.0018385170772640337,0.018452108921079974
8468,0.24643088786320128,0.1023951337217435,0.6511739784150552
8469,0.12457404837851617,0.06638915170820614,0.8090367999132776
8470,0.7051187385525984,0.02987978107087393,0.26500148037652776
8471,0.9547000964732613,0.0021603642735435174,0.04313953925319528
8472,0.878293101143883,0.014037001097158308,0.10766989775895858
8473,0.9698305030589124,0.011101401153384056,0.019068095787703666
8474,0.8895520268052479,0.0152179976326639,0.09522997556208827
8475,0.10830028314471594,0.008212773516619249,0.8834869433386648
8476,0.9187538302624485,0.007727120783503399,0.07351904895404804
8477,0.5560290233030157,0.1353489677673637,0.30862200892962055
8478,0.9323062548442168,0.02190655658018206,0.045787188575601025
8479,0.9635121203822428,0.013784546239096442,0.022703333378660883
8480,0.9466544373982753,0.010204300093615788,0.04314126250810883
8481,0.9858499089230813,0.007857230403166278,0.006292860673752352
8482,0.5720341555001812,0.02721795909460974,0.40074788540520906
8483,0.04174253536958072,0.005247971476364232,0.9530094931540551
8484,0.9225295686905746,0.009522236093794498,0.06794819521563085
8485,0.9790307642344414,0.003898283746440653,0.017070952019118096
8486,0.05270154175409301,0.0106579731673811,0.9366404850785258
8487,0.6341587273436092,0.013516735008848698,0.352324537647542
8488,0.9687829822414723,0.006257621586945835,0.02495939617158177
8489,0.7287057290291522,0.0162470354240001,0.25504723554684766
8490,0.08055996223151239,0.039869662903885786,0.8795703748646019
8491,0.07156819598155481,0.006573855648294119,0.921857948370151
8492,0.803936716503997,0.05069706098077031,0.14536622251523285
8493,0.8692825393338436,0.00805280295335096,0.1226646577128055
8494,0.7892583694718506,0.006868849958793091,0.20387278056935645
8495,0.9377765709847844,0.029431595399250977,0.03279183361596459
8496,0.794986181708421,0.04322748711152629,0.1617863311800528
8497,0.9660619221683875,0.005606159658008697,0.028331918173603813
8498,0.05237561102786241,0.007260020011912239,0.9403643689602255
8499,0.9694695323799724,0.007013303789888383,0.02351716383013915
8500,0.9034461834450297,0.02540404801966483,0.07114976853530555
8501,0.8263913880359152,0.012398271427990574,0.16121034053609412
8502,0.03234684221946157,0.0036144362730068966,0.9640387215075314
8503,0.8817859621232983,0.01272904678081331,0.10548499109588838
8504,0.03374246384617219,0.006664347808604401,0.9595931883452233
8505,0.9409584975560639,0.002805269167946862,0.05623623327598933
8506,0.980269902732061,0.0016659752988405726,0.018064121969098297
8507,0.8506737831655364,0.002968569543662817,0.1463576472908008
8508,0.8382839921270174,0.004384880870335593,0.15733112700264698
8509,0.9707694232612518,0.006003997539272592,0.023226579199475576
8510,0.6195918825935653,0.11906134543308515,0.2613467719733495
8511,0.9588340775587881,0.01683003085969082,0.024335891581521097
8512,0.033133973957041686,0.005021156854181049,0.9618448691887773
8513,0.5527505791155131,0.11664881988170907,0.3306006010027778
8514,0.045120374828072865,0.012440530799154957,0.9424390943727722
8515,0.8921279592253254,0.005436704969110738,0.10243533580556395
8516,0.15677975960330084,0.022908458829980386,0.8203117815667187
8517,0.49223698617074096,0.019503038002411495,0.4882599758268476
8518,0.4196991460980226,0.2340646993727407,0.3462361545292367
8519,0.44198857321661444,0.023102892658204466,0.5349085341251811
8520,0.9824638567819437,0.006064439676253756,0.01147170354180253
8521,0.9465742351735036,0.004133678106380737,0.049292086720115515
8522,0.742573904836147,0.03626188657133376,0.2211642085925191
